.Random.seed <-
c(403L, 10L, 845951987L, 1689062161L, -73925824L, 1776681758L, 
-272151575L, 424804635L, 985512746L, 2096725068L, 1243165711L, 
1878605637L, -1759930116L, 1720624978L, 513173709L, 666450055L, 
-204559506L, 1184873800L, -1183012533L, 627309737L, 946347512L, 
-1808120538L, -1118357951L, 60374995L, -593619582L, -970360396L, 
258639159L, -1603022803L, 448470340L, 274963050L, 1284797653L, 
989561455L, -519526538L, 1731774624L, 1931043171L, -1580191231L, 
-395034256L, 1021108494L, -723086471L, -483140853L, -1315814342L, 
1337025340L, -482199425L, -75457579L, 825275884L, 877705026L, 
1355675805L, 710672663L, 798267518L, 1619456056L, -1925306597L, 
-1495620487L, 991931592L, 2125167862L, -358892239L, 317873507L, 
-205553870L, 384776324L, -174037817L, 1322846109L, 855315220L, 
132612538L, -1153165307L, 1104096735L, 1245093990L, -1572204560L, 
-171316973L, -485501263L, 288399712L, 1087461118L, -727272823L, 
1209339323L, 2011076490L, 1538629228L, 1575944175L, 769792037L, 
-146507556L, -101998926L, -2125999699L, -1875634841L, 519758478L, 
695708520L, 2011878251L, -1206833911L, 957293464L, 1044132550L, 
-1703643103L, 751258803L, 1297141282L, 1681707028L, -1179102057L, 
-1191838067L, -1426444380L, 617132426L, -655430155L, -68026289L, 
-912296106L, -1692406272L, -1206182077L, -761186591L, 1216894032L, 
-481616722L, -1602361255L, -1865840533L, 1247940058L, -1893517668L, 
-1428879201L, -505462027L, 1982709644L, 1383067234L, -1187114435L, 
1613487287L, 876061534L, 267273880L, 1818322427L, -873236583L, 
862683176L, -1818621738L, -1100116655L, 1721523203L, -899873902L, 
1930490148L, 1851746279L, 660724797L, 1767410356L, -581654246L, 
-777278875L, 182509311L, -14605434L, 1882727696L, -1874068045L, 
-1810899375L, -1362895360L, 698612446L, 414325033L, 524264667L, 
-811277334L, -617753716L, 769594575L, 1217494149L, 1300920124L, 
-1164646894L, 1119347981L, -423653817L, -680504274L, -775546488L, 
2066423947L, 1609595497L, 339199544L, 1667202790L, 2125159041L, 
2112685587L, -679079486L, -1565074828L, -1588528009L, 1735034221L, 
159259140L, 1614788906L, -616788331L, 787113263L, 193044534L, 
374608992L, 287677091L, 1744973249L, 1791773104L, -1947363122L, 
694642233L, 1939257419L, -1166988806L, -1847859972L, -1268397761L, 
-868284907L, -211118804L, 649680386L, -2135855907L, 1048025047L, 
1998054078L, 1791063288L, 1037241051L, 443748665L, 2013844616L, 
2016187446L, -1739362191L, -1113988445L, 2020374514L, 1200003908L, 
-11848697L, 1117770205L, 1685753556L, 140489210L, -79209147L, 
-869652065L, -953591002L, 382927792L, -267710381L, 429738865L, 
1367407264L, 1551437374L, -291281591L, 776215547L, -1774952502L, 
1274097964L, -687297233L, -1568943131L, 957631132L, 246533874L, 
-540000403L, 775002279L, 1883077326L, -1596790744L, 1065186347L, 
1585804873L, 778600280L, -599737850L, 556032993L, 1509687667L, 
1656369634L, -1886812844L, -743752617L, 1102102605L, -934394908L, 
1525326282L, -124983243L, 851453583L, 335009686L, 310262592L, 
901903875L, 651791393L, 1764663056L, -71594160L, 1175902498L, 
249143880L, 291942412L, 1308013660L, 2080735698L, -87007744L, 
1837216084L, -1104154392L, 1960530170L, 1743652560L, 1663095084L, 
-659975948L, 828812690L, 1786210656L, 86026252L, 1764254432L, 
162249314L, -1348250968L, -767088052L, 618340220L, 1014695218L, 
1704015472L, -1650535612L, -422565928L, -70887558L, -333421008L, 
910088124L, -1776421292L, 714678338L, 2070229152L, 624817852L, 
-1972897328L, -959949982L, 497545960L, 823075020L, 1489314300L, 
-942005774L, 76507776L, 191962612L, 689383048L, -1987731654L, 
-1140059312L, 1567411308L, -619138668L, 823882834L, -655474208L, 
1254026444L, 1366099104L, -1561393790L, -1741657880L, 2032293612L, 
1502020924L, 765598834L, 1830107248L, 224391204L, 63446072L, 
1813212954L, -1609028400L, 384237372L, 308918164L, 1313907586L, 
-127751744L, -1972421060L, 1474127248L, -502899166L, -1860385528L, 
382893708L, 2141794076L, 306413714L, -1485489792L, 78878228L, 
-1436766424L, 1694313018L, 2078899664L, -869643924L, 1681998772L, 
-504858606L, -1955215904L, 730748876L, -28983072L, -2066958302L, 
-215404248L, 1664814604L, 450307900L, 1431901170L, -1716393232L, 
815885892L, 1677431384L, -1769398470L, 1088198128L, 943437500L, 
215406868L, -1321364798L, 362890336L, -1369697412L, 2044651472L, 
-2080739038L, -2130658648L, -84804724L, 117213372L, -505364686L, 
-1102878144L, -292135756L, 1829745224L, -2090617414L, -837484016L, 
50684652L, 1211457876L, 1602330898L, -860623456L, 1260319436L, 
-1756004768L, -511748158L, -1168722136L, -382095444L, 1265464124L, 
1539623282L, 664984368L, 301628708L, -575026376L, 1937321690L, 
-1083766896L, -435597572L, 2122087316L, 589197378L, 1487344896L, 
1802863676L, 1724252496L, -1965670238L, 394457416L, 1577387788L, 
-925613348L, 1171414354L, 157914240L, -1625853868L, -1245147160L, 
1874536698L, -1020404912L, -1024032980L, -632977036L, -1996346478L, 
208042080L, -1932632692L, -852149408L, 419248610L, -660122712L, 
156570828L, -1136209924L, 585622962L, 40293872L, -1145705532L, 
446494040L, 696260986L, -409631824L, 1397856700L, 626624596L, 
902989762L, -1047932896L, 1417283772L, -76717488L, 1045603298L, 
-1340579736L, -274795444L, -1994544900L, 1017539570L, 468412672L, 
-438677132L, 1551055880L, -393457734L, 1838989776L, 1517071340L, 
1251389844L, 1297510866L, -1094246048L, 82698060L, -1897260768L, 
1751117698L, -726524184L, 852168940L, 1084601404L, -992433294L, 
-759398800L, 953496612L, 50907960L, 44174490L, -1904217392L, 
1779433660L, 1431858836L, -559937918L, 302569664L, 1359115068L, 
1022991504L, 319905314L, -333643768L, 1991589132L, 1627085980L, 
1698291218L, 328318848L, 528985620L, 105597480L, -304609990L, 
-1897424432L, 138507372L, 67500340L, 1859298962L, -1755100320L, 
-1315241140L, -486778912L, 791816098L, -947894360L, -827961972L, 
-1388517188L, 897304946L, -296307472L, -608075708L, 1616793944L, 
787379770L, 634772336L, 1640249404L, 2107416340L, 2067707330L, 
-883115296L, 1381869436L, -345608496L, 1384233122L, -1444307928L, 
-1863917902L, -673488377L, 1572434513L, -144774698L, 854840500L, 
-80785211L, -124280305L, -2096522616L, -1427030106L, -74246317L, 
837003445L, -1289968110L, -1914334240L, -2055969207L, 453989499L, 
-1453959860L, 614244570L, -109743921L, -1329001319L, 644444334L, 
680996284L, -1892952531L, 738726359L, 450451488L, -504955522L, 
1214473035L, -1383962291L, -163928198L, -485660232L, -2050319519L, 
166058771L, -724397260L, -1766510270L, 239920471L, 1841430689L, 
-918673050L, 1541200740L, 382595733L, 946131903L, -401397928L, 
333127030L, 538500995L, -1985927739L, -1167377694L, -469351600L, 
-1191993735L, -606764629L, -1940809956L, 1301405770L, 149587007L, 
-431659895L, -1583992674L, 139148620L, -1552134883L, 254544039L, 
-1807136816L, 643592046L, -536189413L, -1617391747L, -904817302L, 
1961741320L, -1700662095L, -1313828061L, 375267364L, 470151890L, 
1752143655L, -1559893647L, -566685770L, 428426068L, -755667483L, 
-1028769809L, -483518680L, -2001096826L, -1360135245L, 321170197L, 
1654850930L, 770701760L, 574093865L, -1783095653L, -1996494996L, 
-2043764870L, 481585327L, -820321351L, -739097138L, 534982940L, 
-1448807283L, -1422182153L, -1099803648L, 680064606L, 604031275L, 
259709485L, -1423299942L, 1186854488L, 1353882049L, 817456755L, 
1735779220L, 583293474L, 351511863L, -284769279L, 229787910L, 
1702378820L, 1553154165L, -148729377L, 1329757496L, 542813974L, 
124735267L, -261190427L, -2077935358L, 768752496L, -1250815207L, 
-313957621L, -1348751364L, -1158067158L, 1003216991L, -345765911L, 
962808062L, 931313900L, -941376451L, 2121846791L, -1718547472L, 
-1639553138L, -162982469L, -76016739L, 200624458L, 1926021480L, 
-1542043823L, 230274115L, -1433944764L, 629358066L, 217659335L, 
1748703633L, -1501115114L, -463039116L, -1425484795L, 1352995919L, 
1241737288L, -444588570L, -47828205L, -1997568907L, 861855314L, 
-1594795872L, 1397576073L, 1558946235L, 1514438156L, -312580198L, 
-2024165617L, -1554320039L, -1026273298L, -114452868L, -1611825427L, 
